0: [1, 398, 399]
1: [0, 398, 399]
2: [0, 3, 4]
3: [2, 4, 5]
4: [2, 3, 5]
5: [4, 6, 7]
6: [5, 7, 8]
7: [6, 8, 9]
8: [7, 9, 10]
9: [8, 10, 11]
10: [8, 9, 11]
11: [9, 10, 12]
12: [11, 13, 14]
13: [12, 14, 15]
14: [13, 15, 16]
15: [14, 16, 17]
16: [14, 15, 17]
17: [15, 16, 18]
18: [16, 17, 19]
19: [18, 20, 21]
20: [19, 21, 22]
21: [20, 22, 23]
22: [21, 23, 24]
23: [21, 22, 24]
24: [22, 23, 25]
25: [23, 24, 26]
26: [24, 25, 27]
27: [26, 28, 29]
28: [26, 27, 29]
29: [28, 30, 31]
30: [28, 29, 31]
31: [29, 30, 32]
32: [31, 33, 34]
33: [32, 34, 35]
34: [33, 35, 36]
35: [33, 34, 36]
36: [34, 35, 37]
37: [35, 36, 38]
38: [36, 37, 39]
39: [37, 38, 40]
40: [38, 39, 41]
41: [40, 42, 43]
42: [40, 41, 43]
43: [41, 42, 44]
44: [42, 43, 45]
45: [43, 44, 46]
46: [44, 45, 47]
47: [46, 48, 49]
48: [47, 49, 50]
49: [47, 48, 50]
50: [48, 49, 51]
51: [50, 52, 53]
52: [51, 53, 54]
53: [52, 54, 55]
54: [53, 55, 56]
55: [54, 56, 57]
56: [54, 55, 57]
57: [55, 56, 58]
58: [57, 59, 60]
59: [58, 60, 61]
60: [58, 59, 61]
61: [60, 62, 63]
62: [61, 63, 64]
63: [61, 62, 64]
64: [62, 63, 65]
65: [63, 64, 66]
66: [65, 67, 68]
67: [66, 68, 69]
68: [67, 69, 70]
69: [68, 70, 71]
70: [68, 69, 71]
71: [69, 70, 72]
72: [70, 71, 73]
73: [72, 74, 75]
74: [73, 75, 76]
75: [74, 76, 77]
76: [74, 75, 77]
77: [75, 76, 78]
78: [76, 77, 79]
79: [78, 80, 81]
80: [79, 81, 82]
81: [80, 82, 83]
82: [81, 83, 84]
83: [81, 82, 84]
84: [82, 83, 85]
85: [83, 84, 86]
86: [85, 87, 88]
87: [86, 88, 89]
88: [87, 89, 90]
89: [87, 88, 90]
90: [88, 89, 91]
91: [90, 92, 93]
92: [91, 93, 94]
93: [92, 94, 95]
94: [93, 95, 96]
95: [94, 96, 97]
96: [94, 95, 97]
97: [95, 96, 98]
98: [97, 99, 100]
99: [98, 100, 101]
100: [99, 101, 102]
101: [100, 102, 103]
102: [100, 101, 103]
103: [101, 102, 104]
104: [102, 103, 105]
105: [103, 104, 106]
106: [105, 107, 108]
107: [106, 108, 109]
108: [107, 109, 110]
109: [108, 110, 111]
110: [108, 109, 111]
111: [109, 110, 112]
112: [111, 113, 114]
113: [112, 114, 115]
114: [113, 115, 116]
115: [114, 116, 117]
116: [114, 115, 117]
117: [115, 116, 118]
118: [116, 117, 119]
119: [118, 120, 121]
120: [119, 121, 122]
121: [120, 122, 123]
122: [121, 123, 124]
123: [121, 122, 124]
124: [122, 123, 125]
125: [124, 126, 127]
126: [125, 127, 128]
127: [126, 128, 129]
128: [127, 129, 130]
129: [128, 130, 131]
130: [129, 131, 132]
131: [129, 130, 132]
132: [130, 131, 133]
133: [132, 134, 135]
134: [133, 135, 136]
135: [134, 136, 137]
136: [134, 135, 137]
137: [135, 136, 138]
138: [137, 139, 140]
139: [138, 140, 141]
140: [139, 141, 142]
141: [140, 142, 143]
142: [141, 143, 144]
143: [141, 142, 144]
144: [142, 143, 145]
145: [144, 146, 147]
146: [145, 147, 148]
147: [146, 148, 149]
148: [147, 149, 150]
149: [148, 150, 151]
150: [148, 149, 151]
151: [150, 152, 153]
152: [151, 153, 154]
153: [152, 154, 155]
154: [153, 155, 156]
155: [154, 156, 157]
156: [154, 155, 157]
157: [155, 156, 158]
158: [157, 159, 160]
159: [158, 160, 161]
160: [159, 161, 162]
161: [160, 162, 163]
162: [160, 161, 163]
163: [161, 162, 164]
164: [162, 163, 165]
165: [164, 166, 167]
166: [165, 167, 168]
167: [165, 166, 168]
168: [166, 167, 169]
169: [168, 170, 171]
170: [168, 169, 171]
171: [169, 170, 172]
172: [171, 173, 174]
173: [172, 174, 175]
174: [173, 175, 176]
175: [173, 174, 176]
176: [174, 175, 177]
177: [175, 176, 178]
178: [176, 177, 179]
179: [177, 178, 180]
180: [179, 181, 182]
181: [179, 180, 182]
182: [180, 181, 183]
183: [181, 182, 184]
184: [182, 183, 185]
185: [183, 184, 186]
186: [184, 185, 187]
187: [186, 188, 189]
188: [187, 189, 190]
189: [187, 188, 190]
190: [188, 189, 191]
191: [189, 190, 192]
192: [191, 193, 194]
193: [191, 192, 194]
194: [193, 195, 196]
195: [194, 196, 197]
196: [194, 195, 197]
197: [195, 196, 198]
198: [197, 199, 200]
199: [197, 198, 200]
200: [199, 201, 202]
201: [200, 202, 203]
202: [201, 203, 204]
203: [201, 202, 204]
204: [202, 203, 205]
205: [204, 206, 207]
206: [205, 207, 208]
207: [206, 208, 209]
208: [207, 209, 210]
209: [208, 210, 211]
210: [208, 209, 211]
211: [209, 210, 212]
212: [211, 213, 214]
213: [212, 214, 215]
214: [213, 215, 216]
215: [214, 216, 217]
216: [214, 215, 217]
217: [215, 216, 218]
218: [216, 217, 219]
219: [218, 220, 221]
220: [219, 221, 222]
221: [220, 222, 223]
222: [221, 223, 224]
223: [221, 222, 224]
224: [222, 223, 225]
225: [224, 226, 227]
226: [225, 227, 228]
227: [226, 228, 229]
228: [227, 229, 230]
229: [228, 230, 231]
230: [228, 229, 231]
231: [229, 230, 232]
232: [231, 233, 234]
233: [232, 234, 235]
234: [233, 235, 236]
235: [234, 236, 237]
236: [235, 237, 238]
237: [235, 236, 238]
238: [236, 237, 239]
239: [238, 240, 241]
240: [239, 241, 242]
241: [240, 242, 243]
242: [241, 243, 244]
243: [241, 242, 244]
244: [242, 243, 245]
245: [243, 244, 246]
246: [244, 245, 247]
247: [246, 248, 249]
248: [247, 249, 250]
249: [247, 248, 250]
250: [248, 249, 251]
251: [249, 250, 252]
252: [251, 253, 254]
253: [252, 254, 255]
254: [253, 255, 256]
255: [254, 256, 257]
256: [254, 255, 257]
257: [255, 256, 258]
258: [256, 257, 259]
259: [258, 260, 261]
260: [258, 259, 261]
261: [260, 262, 263]
262: [261, 263, 264]
263: [261, 262, 264]
264: [262, 263, 265]
265: [263, 264, 266]
266: [265, 267, 268]
267: [266, 268, 269]
268: [267, 269, 270]
269: [267, 268, 270]
270: [268, 269, 271]
271: [269, 270, 272]
272: [270, 271, 273]
273: [272, 274, 275]
274: [273, 275, 276]
275: [274, 276, 277]
276: [275, 277, 278]
277: [275, 276, 278]
278: [276, 277, 279]
279: [277, 278, 280]
280: [279, 281, 282]
281: [280, 282, 283]
282: [281, 283, 284]
283: [281, 282, 284]
284: [282, 283, 285]
285: [283, 284, 286]
286: [285, 287, 288]
287: [286, 288, 289]
288: [287, 289, 290]
289: [287, 288, 290]
290: [288, 289, 291]
291: [289, 290, 292]
292: [291, 293, 294]
293: [292, 294, 295]
294: [293, 295, 296]
295: [294, 296, 297]
296: [295, 297, 298]
297: [295, 296, 298]
298: [296, 297, 299]
299: [298, 300, 301]
300: [299, 301, 302]
301: [300, 302, 303]
302: [301, 303, 304]
303: [301, 302, 304]
304: [302, 303, 305]
305: [303, 304, 306]
306: [305, 307, 308]
307: [306, 308, 309]
308: [307, 309, 310]
309: [308, 310, 311]
310: [308, 309, 311]
311: [309, 310, 312]
312: [311, 313, 314]
313: [311, 312, 314]
314: [313, 315, 316]
315: [314, 316, 317]
316: [314, 315, 317]
317: [315, 316, 318]
318: [316, 317, 319]
319: [318, 320, 321]
320: [319, 321, 322]
321: [320, 322, 323]
322: [321, 323, 324]
323: [321, 322, 324]
324: [322, 323, 325]
325: [323, 324, 326]
326: [325, 327, 328]
327: [326, 328, 329]
328: [327, 329, 330]
329: [327, 328, 330]
330: [328, 329, 331]
331: [329, 330, 332]
332: [330, 331, 333]
333: [332, 334, 335]
334: [333, 335, 336]
335: [334, 336, 337]
336: [334, 335, 337]
337: [335, 336, 338]
338: [336, 337, 339]
339: [338, 340, 341]
340: [339, 341, 342]
341: [340, 342, 343]
342: [341, 343, 344]
343: [341, 342, 344]
344: [342, 343, 345]
345: [343, 344, 346]
346: [345, 347, 348]
347: [346, 348, 349]
348: [347, 349, 350]
349: [347, 348, 350]
350: [348, 349, 351]
351: [349, 350, 352]
352: [351, 353, 354]
353: [352, 354, 355]
354: [353, 355, 356]
355: [354, 356, 357]
356: [354, 355, 357]
357: [355, 356, 358]
358: [356, 357, 359]
359: [357, 358, 360]
360: [359, 361, 362]
361: [360, 362, 363]
362: [361, 363, 364]
363: [361, 362, 364]
364: [362, 363, 365]
365: [363, 364, 366]
366: [365, 367, 368]
367: [366, 368, 369]
368: [367, 369, 370]
369: [368, 370, 371]
370: [368, 369, 371]
371: [369, 370, 372]
372: [371, 373, 374]
373: [372, 374, 375]
374: [373, 375, 376]
375: [373, 374, 376]
376: [374, 375, 377]
377: [375, 376, 378]
378: [376, 377, 379]
379: [377, 378, 380]
380: [379, 381, 382]
381: [380, 382, 383]
382: [380, 381, 383]
383: [381, 382, 384]
384: [382, 383, 385]
385: [383, 384, 386]
386: [385, 387, 388]
387: [386, 388, 389]
388: [387, 389, 390]
389: [387, 388, 390]
390: [388, 389, 391]
391: [389, 390, 392]
392: [390, 391, 393]
393: [392, 394, 395]
394: [393, 395, 396]
395: [394, 396, 397]
396: [394, 395, 397]
397: [395, 396, 398]
398: [1, 397, 399]
399: [0, 1, 398]
