[67. 71. 76. ... 52. 26. 10.]
[67. 72. 75. ... 54. 27. 11.]
[66. 71. 75. ... 55. 28. 10.]
[68. 70. 74. ... 54. 27. 11.]
[66. 71. 76. ... 52. 26. 11.]
[68. 72. 74. ... 52. 27. 11.]
[67. 73. 74. ... 52. 26. 11.]
[67. 71. 75. ... 54. 27. 11.]
[67. 71. 73. ... 53. 28. 10.]
[65. 71. 74. ... 53. 26. 11.]
[67. 71. 74. ... 52. 26. 11.]
[65. 71. 74. ... 51. 26. 10.]
[68. 70. 73. ... 52. 26. 10.]
[67. 71. 74. ... 52. 25. 10.]
[66. 70. 74. ... 53. 27. 10.]
[67. 71. 73. ... 53. 26. 11.]
[65. 71. 75. ... 52. 26. 11.]
[67. 71. 75. ... 54. 26. 11.]
[67. 72. 73. ... 53. 26. 10.]
[66. 69. 74. ... 53. 25. 10.]
[67. 70. 74. ... 54. 27. 11.]
[65. 71. 75. ... 53. 26. 10.]
[65. 71. 75. ... 53. 26. 11.]
[67. 71. 73. ... 51. 26. 11.]
[67. 71. 74. ... 52. 26. 10.]
[66. 71. 74. ... 52. 26. 10.]
[67. 72. 76. ... 52. 27. 11.]
[69. 73. 76. ... 53. 27. 11.]
[68. 73. 76. ... 53. 27. 10.]
[66. 71. 76. ... 53. 26. 10.]
[68. 72. 76. ... 54. 27. 11.]
[66. 71. 75. ... 54. 27. 11.]
[67. 71. 77. ... 53. 27. 10.]
[69. 72. 75. ... 52. 26. 11.]
[67. 73. 77. ... 51. 26. 11.]
[68. 71. 76. ... 51. 26. 11.]
[67. 73. 74. ... 52. 27. 11.]
[67. 70. 74. ... 51. 26. 11.]
[67. 73. 75. ... 52. 26. 11.]
[66. 72. 75. ... 52. 26. 11.]
[67. 71. 74. ... 52. 26. 11.]
[66. 71. 73. ... 51. 27. 11.]
[67. 71. 75. ... 51. 26. 11.]
[67. 71. 74. ... 52. 27. 11.]
[67. 72. 76. ... 52. 27. 11.]
[68. 71. 74. ... 52. 27. 11.]
[67. 72. 73. ... 51. 26. 11.]
[67. 72. 75. ... 52. 27. 11.]
[67. 72. 75. ... 50. 26. 11.]
[68. 71. 75. ... 49. 25. 11.]
[67. 72. 74. ... 50. 25. 11.]
[67. 71. 74. ... 50. 25. 11.]
[66. 71. 74. ... 49. 24. 12.]
[67. 71. 75. ... 50. 25. 11.]
[67. 73. 75. ... 50. 26. 11.]
[68. 72. 74. ... 50. 25. 11.]
[67. 71. 75. ... 49. 26. 12.]
[67. 71. 74. ... 47. 24. 12.]
[66. 70. 72. ... 48. 25. 12.]
[67. 70. 74. ... 48. 25. 13.]
[67. 72. 74. ... 48. 25. 12.]
[67. 72. 75. ... 49. 25. 11.]
[67. 72. 75. ... 51. 25. 12.]
[67. 71. 72. ... 49. 26. 12.]
[67. 70. 73. ... 50. 25. 11.]
[65. 71. 75. ... 49. 24. 12.]
[67. 71. 74. ... 50. 25. 12.]
[66. 71. 75. ... 49. 25. 12.]
[67. 71. 74. ... 50. 25. 11.]
[66. 72. 73. ... 50. 25. 12.]
[65. 71. 74. ... 49. 26. 12.]
[67. 71. 73. ... 49. 25. 12.]
[65. 71. 72. ... 51. 26. 12.]
[67. 71. 74. ... 50. 26. 11.]
[67. 71. 74. ... 50. 26. 11.]
[68. 71. 73. ... 50. 27. 12.]
[67. 71. 76. ... 49. 27. 13.]
[68. 71. 74. ... 50. 26. 12.]
[67. 71. 75. ... 51. 26. 12.]
[67. 71. 75. ... 49. 25. 12.]
[68. 72. 74. ... 49. 26. 12.]
[67. 71. 75. ... 50. 25. 12.]
[67. 71. 74. ... 50. 25. 12.]
[67. 70. 75. ... 51. 26. 13.]
[66. 72. 74. ... 53. 25. 12.]
[66. 70. 73. ... 53. 26. 11.]
[66. 71. 74. ... 53. 27. 12.]
[67. 71. 75. ... 53. 27. 12.]
[67. 71. 75. ... 50. 26. 12.]
[66. 71. 76. ... 47. 27. 12.]
[67. 70. 74. ... 49. 27. 12.]
[66. 70. 75. ... 46. 28. 12.]
[67. 71. 74. ... 45. 28. 13.]
[67. 71. 74. ... 47. 29. 13.]
[68. 72. 74. ... 46. 27. 13.]
[67. 71. 76. ... 47. 27. 13.]
[66. 70. 73. ... 47. 28. 13.]
[66. 71. 74. ... 47. 28. 13.]
[66. 70. 74. ... 46. 27. 14.]
[67. 70. 75. ... 48. 27. 12.]
[66. 71. 72. ... 48. 25. 12.]
[67. 71. 74. ... 49. 22. 12.]
[66. 71. 73. ... 48. 22. 12.]
[66. 70. 74. ... 49. 21. 12.]
[64. 69. 73. ... 48. 22. 12.]
[67. 71. 73. ... 48. 22. 12.]
[67. 71. 73. ... 49. 21. 13.]
[65. 70. 73. ... 50. 21. 12.]
[66. 70. 74. ... 49. 22. 13.]
[67. 71. 74. ... 49. 21. 13.]
[67. 71. 75. ... 48. 21. 12.]
[66. 70. 73. ... 47. 20. 13.]
[66. 71. 74. ... 48. 20. 12.]
[66. 72. 75. ... 48. 20. 13.]
[66. 71. 74. ... 48. 19. 13.]
[66. 70. 72. ... 46. 19. 12.]
[67. 71. 72. ... 47. 20. 13.]
[65. 70. 72. ... 48. 20. 13.]
[67. 71. 74. ... 48. 20. 13.]
[65. 70. 73. ... 47. 20. 13.]
[66. 70. 74. ... 47. 19. 12.]
[66. 71. 73. ... 47. 19. 12.]
[65. 71. 74. ... 46. 19. 13.]
[65. 70. 74. ... 47. 18. 13.]
[67. 70. 73. ... 48. 20. 13.]
[66. 71. 72. ... 47. 20. 13.]
[66. 71. 74. ... 47. 20. 12.]
[67. 71. 73. ... 48. 19. 12.]
[65. 70. 71. ... 49. 21. 13.]
[66. 71. 74. ... 49. 21. 13.]
[66. 71. 73. ... 48. 21. 13.]
[67. 72. 72. ... 47. 21. 13.]
[65. 70. 73. ... 46. 20. 13.]
[66. 70. 72. ... 47. 21. 12.]
[65. 70. 74. ... 48. 22. 13.]
[67. 71. 73. ... 49. 21. 12.]
[65. 71. 73. ... 50. 22. 12.]
[67. 70. 73. ... 49. 21. 12.]
[66. 70. 74. ... 48. 21. 12.]
[66. 70. 74. ... 49. 21. 12.]
[65. 69. 74. ... 49. 21. 12.]
[66. 70. 73. ... 49. 22. 12.]
[65. 69. 73. ... 50. 21. 12.]
[65. 69. 73. ... 49. 21. 12.]
[66. 70. 73. ... 49. 21. 13.]
[66. 70. 74. ... 47. 21. 13.]
[66. 70. 75. ... 47. 20. 12.]
[65. 70. 73. ... 45. 20. 13.]
[66. 70. 72. ... 46. 20. 13.]
[66. 70. 73. ... 46. 19. 13.]
[66. 71. 73. ... 46. 20. 13.]
[67. 70. 73. ... 46. 20. 12.]
[65. 70. 73. ... 46. 19. 12.]
[66. 69. 72. ... 48. 20. 12.]
[66. 70. 72. ... 47. 21. 13.]
[66. 71. 74. ... 46. 20. 13.]
[65. 71. 74. ... 47. 20. 11.]
[66. 70. 74. ... 47. 20. 12.]
[66. 70. 73. ... 48. 20. 12.]
[66. 69. 74. ... 48. 21. 12.]
[67. 71. 74. ... 49. 21. 12.]
[66. 71. 73. ... 46. 20. 12.]
[66. 70. 73. ... 49. 20. 12.]
[66. 69. 74. ... 48. 21. 12.]
[65. 72. 72. ... 49. 21. 13.]
[65. 70. 74. ... 49. 22. 12.]
[66. 70. 73. ... 49. 21. 12.]
[67. 70. 74. ... 50. 21. 11.]
[65. 70. 71. ... 50. 22. 12.]
[67. 71. 74. ... 51. 21. 12.]
[66. 69. 73. ... 49. 21. 11.]
[66. 70. 72. ... 49. 21. 12.]
[66. 71. 73. ... 49. 22. 12.]
[65. 70. 73. ... 50. 22. 12.]
[67. 71. 71. ... 50. 23. 11.]
[67. 71. 73. ... 52. 22. 11.]
[65. 69. 73. ... 49. 22. 11.]
[65. 70. 73. ... 51. 22. 11.]
[65. 70. 73. ... 51. 23. 12.]
[65. 69. 74. ... 51. 23. 11.]
[66. 69. 73. ... 50. 23. 11.]
[66. 69. 74. ... 51. 22. 11.]
[66. 71. 74. ... 51. 23. 12.]
[66. 69. 73. ... 49. 22. 12.]
[66. 71. 74. ... 50. 22. 11.]
[67. 71. 73. ... 50. 23. 12.]
[67. 69. 72. ... 51. 24. 11.]
[66. 69. 73. ... 52. 23. 12.]
[65. 70. 71. ... 53. 25. 11.]
[65. 71. 73. ... 52. 25. 10.]
[66. 71. 73. ... 52. 24. 10.]
[66. 71. 72. ... 50. 24. 11.]
[66. 70. 74. ... 49. 25. 11.]
[66. 70. 73. ... 48. 25. 12.]
[67. 71. 73. ... 48. 23. 12.]
[67. 70. 73. ... 47. 23. 11.]
[66. 71. 74. ... 50. 26. 11.]
[67. 70. 74. ... 51. 24. 11.]
[67. 72. 73. ... 50. 24. 12.]
[66. 71. 74. ... 50. 24. 11.]
[67. 71. 73. ... 51. 24. 11.]
[66. 71. 74. ... 53. 25. 12.]
[67. 72. 74. ... 53. 24. 11.]
[67. 71. 75. ... 51. 24. 11.]
[66. 71. 75. ... 50. 24. 11.]
[66. 72. 76. ... 51. 24. 12.]
[68. 71. 72. ... 51. 25. 12.]
[67. 72. 75. ... 51. 24. 11.]
[67. 72. 75. ... 51. 24. 11.]
[68. 72. 75. ... 50. 24. 11.]
[67. 71. 76. ... 50. 24. 11.]
[67. 71. 74. ... 51. 24. 11.]
[68. 72. 75. ... 51. 24. 11.]
[68. 72. 75. ... 52. 24. 11.]
[69. 71. 73. ... 50. 24. 11.]
[67. 71. 74. ... 49. 23. 10.]
[67. 71. 75. ... 47. 24. 12.]
[67. 72. 77. ... 48. 24. 11.]
[68. 72. 75. ... 48. 24. 11.]
[66. 71. 76. ... 49. 26. 10.]
[66. 72. 76. ... 50. 25. 12.]
[67. 71. 73. ... 50. 26. 11.]
[67. 71. 75. ... 51. 27. 11.]
[66. 72. 75. ... 50. 27. 11.]
[66. 72. 75. ... 49. 26. 11.]
[66. 71. 75. ... 48. 26. 11.]
[67. 71. 74. ... 49. 26. 11.]
[66. 72. 76. ... 48. 26. 11.]
[67. 71. 74. ... 48. 26. 11.]
[66. 70. 76. ... 50. 26. 12.]
[69. 70. 74. ... 50. 27. 12.]
[67. 71. 76. ... 52. 26. 11.]
[67. 71. 76. ... 56. 27. 11.]
[67. 71. 75. ... 60. 25. 12.]
[66. 71. 74. ... 65. 27. 11.]
[67. 70. 75. ... 64. 28. 12.]
[68. 72. 73. ... 62. 29. 11.]
[66. 72. 75. ... 61. 29. 11.]
[68. 73. 75. ... 59. 29. 10.]
[66. 71. 74. ... 58. 30. 11.]
[66. 71. 75. ... 58. 28. 11.]
[67. 71. 76. ... 60. 30. 11.]
[66. 71. 75. ... 60. 31. 12.]
[68. 72. 76. ... 58. 32. 12.]
[68. 71. 75. ... 55. 34. 13.]
[67. 70. 75. ... 55. 33. 14.]
[68. 71. 75. ... 55. 29. 13.]
[67. 72. 75. ... 54. 27. 12.]
[68. 72. 75. ... 55. 27. 12.]
[68. 72. 74. ... 55. 27. 12.]
[68. 71. 75. ... 56. 28. 13.]
[67. 72. 75. ... 54. 28. 12.]
[66. 72. 75. ... 53. 27. 12.]
[68. 72. 75. ... 51. 29. 12.]
[68. 71. 75. ... 51. 28. 13.]
[67. 72. 74. ... 53. 28. 12.]
[67. 72. 76. ... 53. 28. 13.]
[69. 72. 76. ... 53. 29. 12.]
[67. 72. 76. ... 52. 28. 12.]
[68. 72. 74. ... 52. 28. 13.]
[66. 71. 75. ... 51. 28. 13.]
[68. 73. 75. ... 52. 28. 13.]
[68. 72. 75. ... 52. 28. 12.]
[68. 72. 76. ... 51. 28. 13.]
[66. 71. 74. ... 53. 29. 12.]
[67. 72. 74. ... 51. 27. 13.]
[68. 72. 76. ... 52. 27. 13.]
[67. 71. 75. ... 52. 28. 13.]
[67. 70. 75. ... 51. 27. 13.]
[68. 72. 74. ... 50. 27. 13.]
[68. 72. 76. ... 50. 27. 13.]
[68. 72. 76. ... 52. 27. 13.]
[68. 72. 76. ... 52. 28. 13.]
[67. 72. 73. ... 53. 28. 12.]
[66. 71. 75. ... 54. 28. 13.]
[66. 72. 75. ... 54. 28. 14.]
[68. 71. 74. ... 53. 28. 13.]
[67. 72. 75. ... 53. 27. 13.]
[67. 72. 75. ... 52. 28. 13.]
[68. 71. 74. ... 51. 28. 12.]
[67. 72. 74. ... 54. 29. 13.]
[68. 72. 76. ... 53. 29. 13.]
[67. 72. 74. ... 53. 28. 12.]
[67. 71. 75. ... 52. 27. 13.]
[67. 70. 75. ... 52. 28. 12.]
[68. 72. 75. ... 53. 28. 12.]
[67. 71. 75. ... 55. 29. 13.]
[68. 72. 75. ... 53. 28. 12.]
[68. 72. 74. ... 54. 28. 12.]
[66. 72. 75. ... 56. 29. 12.]
[67. 73. 76. ... 55. 28. 12.]
[67. 72. 75. ... 54. 29. 12.]
[67. 72. 76. ... 54. 29. 12.]
[67. 71. 76. ... 54. 29. 12.]
[67. 73. 75. ... 55. 29. 12.]
[67. 72. 75. ... 54. 28. 12.]
[68. 72. 75. ... 54. 28. 13.]
[68. 72. 73. ... 55. 29. 12.]
[68. 72. 76. ... 55. 28. 12.]
[68. 72. 76. ... 54. 28. 13.]
[67. 72. 75. ... 57. 27. 12.]
[67. 71. 75. ... 55. 28. 13.]
[68. 71. 74. ... 54. 29. 12.]
[67. 71. 76. ... 55. 28. 11.]
[67. 71. 76. ... 56. 28. 12.]
[67. 71. 75. ... 54. 28. 12.]
[69. 71. 74. ... 53. 28. 12.]
[67. 70. 75. ... 53. 28. 11.]
[67. 71. 74. ... 54. 27. 12.]
[68. 70. 76. ... 52. 27. 12.]
[68. 71. 74. ... 51. 27. 12.]
[67. 72. 74. ... 51. 28. 12.]
[66. 72. 75. ... 52. 27. 12.]
[67. 72. 75. ... 53. 28. 12.]
[66. 72. 75. ... 54. 27. 12.]
[68. 73. 76. ... 52. 27. 12.]
[67. 71. 75. ... 53. 26. 12.]
[66. 70. 73. ... 53. 26. 12.]
[69. 72. 74. ... 54. 27. 13.]
[67. 72. 76. ... 53. 27. 12.]
[68. 72. 76. ... 54. 27. 12.]
[67. 73. 75. ... 54. 27. 12.]
[68. 72. 74. ... 55. 27. 12.]
[68. 72. 74. ... 55. 26. 11.]
[67. 71. 75. ... 54. 26. 12.]
[68. 72. 74. ... 54. 25. 12.]
[67. 73. 75. ... 54. 26. 11.]
[66. 70. 75. ... 53. 26. 11.]
[67. 72. 75. ... 53. 27. 12.]
[66. 71. 74. ... 52. 26. 12.]
[67. 72. 74. ... 51. 26. 11.]
[66. 71. 75. ... 49. 26. 12.]
[68. 72. 73. ... 48. 26. 12.]
[65. 70. 74. ... 48. 25. 12.]
[67. 72. 75. ... 49. 25. 12.]
[67. 70. 74. ... 49. 24. 12.]
[67. 71. 76. ... 49. 25. 13.]
[68. 70. 75. ... 50. 24. 12.]
[68. 71. 76. ... 47. 24. 12.]
[67. 72. 75. ... 47. 23. 12.]
[68. 71. 74. ... 47. 23. 12.]
[69. 72. 74. ... 50. 25. 13.]
[67. 71. 74. ... 52. 25. 12.]
[68. 73. 75. ... 53. 24. 12.]
[68. 71. 73. ... 51. 23. 11.]
[67. 72. 74. ... 51. 23. 12.]
[66. 71. 75. ... 50. 22. 12.]
[67. 72. 75. ... 52. 23. 12.]
[67. 71. 74. ... 51. 22. 12.]
[68. 73. 74. ... 51. 23. 11.]
[66. 70. 73. ... 51. 24. 11.]
[67. 71. 75. ... 51. 22. 11.]
[66. 72. 75. ... 50. 22. 12.]
[68. 71. 74. ... 47. 22. 12.]
[66. 70. 73. ... 46. 23. 13.]
[66. 71. 72. ... 48. 23. 12.]
[67. 71. 74. ... 49. 24. 12.]
[67. 70. 74. ... 48. 24. 12.]
[66. 71. 74. ... 48. 23. 12.]
[67. 72. 75. ... 50. 24. 12.]
[66. 71. 75. ... 49. 24. 11.]
[69. 73. 75. ... 49. 23. 11.]
[67. 72. 74. ... 49. 23. 11.]
[66. 72. 75. ... 48. 23. 12.]
[67. 71. 74. ... 49. 23. 11.]
[66. 71. 75. ... 50. 24. 11.]
[67. 70. 76. ... 51. 24. 11.]
[67. 72. 75. ... 51. 25. 11.]
[67. 71. 74. ... 52. 24. 11.]
[68. 71. 75. ... 52. 24. 11.]
[65. 71. 73. ... 50. 24. 11.]
[67. 71. 74. ... 48. 24. 11.]
[68. 71. 74. ... 47. 26. 11.]
[68. 72. 74. ... 48. 26. 12.]
[66. 71. 75. ... 49. 27. 13.]
[67. 70. 75. ... 51. 28. 12.]
[68. 71. 73. ... 49. 28. 12.]
[67. 73. 76. ... 50. 28. 12.]
[68. 72. 75. ... 51. 28. 13.]
[67. 70. 74. ... 52. 26. 11.]
[67. 71. 74. ... 53. 24. 12.]
[68. 71. 74. ... 51. 24. 10.]
[67. 73. 76. ... 52. 24. 10.]
[68. 72. 75. ... 51. 25. 11.]
[68. 72. 73. ... 53. 25. 11.]
[67. 73. 76. ... 53. 25. 11.]
[67. 71. 75. ... 53. 25. 11.]
[67. 71. 74. ... 53. 25. 11.]
[67. 71. 75. ... 54. 26. 11.]
[68. 72. 76. ... 54. 26. 11.]
[67. 72. 74. ... 54. 26. 11.]
[68. 72. 75. ... 55. 26. 11.]
[68. 71. 75. ... 54. 26. 11.]
[68. 71. 75. ... 53. 26. 11.]
[68. 71. 73. ... 53. 26. 10.]
[68. 73. 77. ... 52. 27. 11.]
[68. 72. 74. ... 52. 26. 10.]
